1418500332
1418500332
1418500334
1418500340
1418500341
1418500341
1418500343
1418500344
1418500345
1418500345
1418500346
1418500346
1418500346
1418500347
1418500350
1418500351
1418500353
1418500355
1418500355
1418500356
1418500357
1418500357
1418500358
1418500359
1418500359
1418500360
1418500361
1418500362
1418500362
1418500366
1418500369
1418500370
1418500371
1418500374
1418500376
1418500377
1418500379
1418500380
1418500380
1418500383
1418500384
1418500386
1418500386
1418500388
1418500388
1418500389
1418500390
1418500390
1418500391
1418500391
1418500391
1418500392
1418500392
1418500395
1418500396
1418500397
1418500398
1418500398
1418500399
1418500400
1418500402
1418500403
1418500405
1418500405
1418500405
1418500406
1418500407
1418500407
1418500409
1418500409
1418500410
1418500410
1418500411
1418500411
1418500413
1418500414
1418500415
1418500416
1418500415
1418500418
1418500419
1418500419
1418500421
1418500421
1418500423
1418500424
1418500426
1418500427
1418500428
1418500428
1418500431
1418500431
1418500431
1418500434
1418500436
1418500441
1418500441
1418500442
1418500444
1418500444
1418500445
1418500445
1418500446
1418500446
1418500447
1418500448
1418500448
1418500450
1418500452
1418500453
1418500453
1418500453
1418500454
1418500457
1418500457
1418500459
1418500460
1418500461
1418500462
1418500463
1418500463
1418500463
1418500464
1418500464
1418500464
1418500464
1418500465
1418500465
1418500466
1418500468
1418500468
1418500468
1418500469
1418500469
1418500469
1418500470
1418500470
1418500471
1418500471
1418500473
1418500473
1418500475
1418500477
1418500477
1418500479
1418500479
1418500479
1418500480
1418500480
1418500480
1418500483
1418500484
1418500486
1418500487
1418500489
1418500490
1418500490
1418500490
1418500491
1418500491
1418500491
1418500491
1418500491
1418500492
1418500492
1418500493
1418500495
1418500495
1418500495
1418500496
1418500496
1418500497
1418500497
1418500498
1418500499
1418500500
1418500500
1418500500
1418500502
1418500502
1418500502
1418500502
1418500502
1418500503
1418500505
1418500505
1418500507
1418500507
1418500508
1418500508
1418500510
1418500510
1418500511
1418500514
1418500514
1418500515
1418500518
1418500519
1418500519
1418500520
1418500521
1418500522
1418500522
1418500523
1418500523
1418500526
1418500526
1418500526
1418500526
1418500526
1418500528
1418500529
1418500531
1418500531
1418500531
1418500532
1418500534
1418500538
1418500539
1418500540
1418500540
1418500540
1418500542
1418500542
1418500544
1418500544
1418500545
1418500546
1418500547
1418500548
1418500549
1418500549
1418500549
1418500549
1418500551
1418500551
1418500553
1418500554
1418500555
1418500557
1418500557
1418500558
1418500559
1418500560
1418500561
1418500561
1418500563
1418500563
1418500564
1418500564
1418500566
1418500566
1418500567
1418500568
1418500569
1418500570
1418500571
1418500573
1418500573
1418500573
1418500573
1418500575
1418500575
1418500576
1418500577
1418500577
1418500578
1418500579
1418500581
1418500581
1418500582
1418500583
1418500584
1418500586
1418500586
1418500587
1418500589
1418500590
1418500590
1418500590
1418500591
1418500591
1418500591
1418500592
1418500592
1418500596
1418500596
1418500598
1418500599
1418500600
1418500600
1418500600
1418500601
1418500602
1418500603
1418500605
1418500605
1418500605
1418500606
1418500608
1418500609
1418500610
1418500612
1418500612
1418500613
1418500614
1418500616
1418500617
1418500618
1418500618
1418500618
1418500621
1418500622
1418500622
1418500623
1418500625
1418500630
1418500630
1418500631
1418500632
1418500633
1418500633
1418500634
1418500634
1418500635
1418500636
1418500637
1418500637
1418500638
1418500638
1418500639
1418500641
1418500642
1418500646
1418500646
1418500647
1418500647
1418500647
1418500648
1418500648
1418500649
1418500650
1418500652
1418500653
1418500655
1418500655
1418500655
1418500656
1418500658
1418500658
1418500660
1418500662
1418500662
1418500663
1418500665
1418500665
1418500665
1418500667
1418500668
1418500671
1418500672
1418500673
1418500675
1418500676
1418500676
1418500677
1418500678
1418500678
1418500679
1418500680
1418500684
1418500686
1418500687
1418500689
1418500690
1418500691
1418500692
1418500692
1418500693
1418500695
1418500695
1418500695
1418500696
1418500696
1418500698
1418500699
1418500699
1418500701
1418500703
1418500703
1418500704
1418500704
1418500705
1418500705
1418500706
1418500709
1418500710
1418500710
1418500712
1418500713
1418500716
1418500716
1418500718
1418500719
1418500719
1418500720
1418500721
1418500722
1418500722
1418500723
1418500724
1418500724
1418500725
1418500725
1418500726
1418500726
1418500726
1418500727
1418500727
1418500728
1418500730
1418500733
1418500734
1418500735
1418500736
1418500738
1418500740
1418500740
1418500740
1418500741
1418500742
1418500744
1418500745
1418500745
1418500746
1418500747
1418500747
1418500747
1418500748
1418500750
1418500753
1418500754
1418500754
1418500756
1418500758
1418500758
1418500759
1418500760
1418500760
1418500761
1418500762
1418500763
1418500765
1418500768
1418500769
1418500770
1418500772
1418500773
1418500775
1418500776
1418500777
1418500782
1418500782
1418500783
1418500785
1418500786
1418500786
1418500787
1418500787
1418500788
1418500789
1418500791
1418500793
1418500797
1418500799
1418500804
1418500804
1418500806
1418500809
1418500810
1418500811
1418500812
1418500813
1418500814
1418500816
1418500817
1418500818
1418500821
1418500823
1418500823
1418500829
1418500830
1418500830
1418500830
1418500832
1418500833
1418500839
1418500839
1418500839
1418500842
1418500844
1418500844
1418500844
1418500846
1418500846
1418500846
1418500847
1418500848
1418500849
1418500851
1418500851
1418500852
1418500853
1418500853
1418500856
1418500856
1418500857
1418500859
1418500863
1418500864
1418500864
1418500866
1418500867
1418500867
1418500867
1418500868
1418500873
1418500873
1418500874
1418500875
1418500875
1418500876
1418500878
1418500882
1418500883
1418500885
1418500887
1418500887
1418500887
1418500887
1418500887
1418500890
1418500890
1418500891
1418500891
1418500897
1418500898
1418500899
1418500899
1418500901
1418500902
1418500902
1418500904
1418500905
1418500906
1418500907
1418500908
1418500908
1418500909
1418500910
1418500914
1418500914
1418500916
1418500917
1418500917
1418500917
1418500918
1418500918
1418500919
1418500922
1418500926
1418500929
1418500930
1418500933
1418500935
1418500936
1418500938
1418500940
1418500942
1418500945
1418500946
1418500953
1418500955
1418500959
1418500961
1418500965
1418500968
1418500969
1418500970
1418500974
1418500974
1418500977
1418500977
1418500984
1418500984
1418500984
1418500985
1418500987
1418500987
1418500990
1418500993
1418500993
1418500995
1418500999
1418501000
1418501000
1418501003
1418501003
1418501005
1418501005
1418501007
1418501007
1418501011
1418501011
1418501014
1418501018
1418501019
1418501019
1418501019
1418501022
1418501024
1418501028
1418501028
1418501033
1418501035
1418501035
1418501036
1418501036
1418501037
1418501038
1418501042
1418501044
1418501044
1418501044
1418501044
1418501044
1418501051
1418501060
1418501062
1418501062
1418501063
1418501064
1418501065
1418501068
1418501070
1418501072
1418501072
1418501072
1418501073
1418501075
1418501075
1418501076
1418501077
1418501082
1418501082
1418501083
1418501084
1418501086
1418501090
1418501090
1418501097
1418501098
1418501099
1418501100
1418501102
1418501103
1418501104
1418501106
1418501107
1418501110
1418501111
1418501111
1418501115
1418501115
1418501119
1418501122
1418501123
1418501124
1418501126
1418501126
1418501126
1418501128
1418501129
1418501131
1418501133
1418501134
1418501135
1418501138
1418501139
1418501140
1418501145
1418501147
1418501147
1418501150
1418501152
1418501152
1418501152
1418501153
1418501154
1418501157
1418501159
1418501160
1418501160
1418501160
1418501163
1418501167
1418501169
1418501174
1418501177
1418501178
1418501179
1418501179
1418501179
1418501180
1418501181
1418501182
1418501186
1418501186
1418501195
1418501202
1418501202
1418501206
1418501208
1418501210
1418501212
1418501213
1418501214
1418501214
1418501220
1418501221
1418501222
1418501222
1418501222
1418501223
1418501223
1418501224
1418501224
1418501226
1418501227
1418501228
1418501229
1418501230
1418501231
1418501231
1418501232
1418501233
1418501235
1418501236
1418501239
1418501240
1418501241
1418501242
1418501243
1418501245
1418501247
1418501247
1418501252
1418501252
1418501253
1418501253
1418501260
1418501264
1418501265
1418501278
1418501282
1418501285
1418501285
1418501286
1418501287
1418501287
1418501287
1418501287
1418501288
1418501289
1418501293
1418501294
1418501294
1418501296
1418501298
1418501298
1418501299
1418501299
1418501302
1418501302
1418501303
1418501305
1418501305
1418501306
1418501306
1418501307
1418501309
1418501314
1418501315
1418501315
1418501320
1418501321
1418501323
1418501324
1418501326
1418501328
1418501328
1418501328
1418501332
1418501336
1418501337
1418501337
1418501337
1418501341
1418501342
1418501343
1418501345
1418501347
1418501352
1418501357
1418501357
1418501359
1418501359
1418501361
1418501363
1418501364
1418501365
1418501371
1418501376
1418501376
1418501378
1418501378
1418501379
1418501380
1418501381
1418501383
1418501383
1418501384
1418501387
1418501389
1418501399
1418501406
1418501407
1418501409
1418501411
1418501415
1418501418
1418501419
1418501419
1418501420
1418501420
1418501421
1418501422
1418501423
1418501428
1418501428
1418501429
1418501432
1418501435
1418501436
1418501437
1418501442
1418501442
1418501443
1418501444
1418501445
1418501446
1418501448
1418501451
1418501454
1418501456
1418501461
1418501462
1418501464
1418501465
1418501466
1418501467
1418501467
1418501468
1418501469
1418501472
1418501474
1418501476
1418501477
1418501480
1418501480
1418501480
1418501485
1418501487
1418501488
1418501488
1418501489
1418501491
1418501491
1418501494
1418501494
1418501494
1418501495
1418501499
1418501499
1418501503
1418501504
1418501510
1418501513
1418501516
1418501521
1418501522
1418501524
1418501524
1418501532
1418501534
1418501534
1418501538
1418501538
1418501538
1418501539
1418501540
1418501546
1418501547
1418501548
1418501549
1418501551
1418501553
1418501558
1418501562
1418501567
1418501574
1418501575
1418501577
1418501578
1418501580
1418501586
1418501587
1418501591
1418501597
1418501597
1418501601
1418501603
1418501605
1418501605
1418501607
1418501610
1418501610
1418501612
1418501613
1418501617
1418501622
1418501622
1418501624
1418501624
1418501628
1418501629
1418501636
1418501637
1418501637
1418501640
1418501642
1418501643
1418501644
1418501645
1418501648
1418501649
1418501649
1418501652
1418501652
1418501656
1418501661
1418501662
1418501665
1418501666
1418501668
1418501670
1418501671
1418501676
1418501680
1418501682
1418501685
1418501689
1418501689
1418501691
1418501691
1418501702
1418501705
1418501705
1418501708
1418501711
1418501713
1418501714
1418501717
1418501721
1418501724
1418501726
1418501726
1418501729
1418501731
1418501732
1418501733
1418501734
1418501734
1418501735
1418501737
1418501737
1418501739
1418501741
1418501749
1418501750
1418501752
1418501753
1418501754
1418501757
1418501761
1418501770
1418501771
1418501772
1418501774
1418501775
1418501782
1418501784
1418501784
1418501786
1418501790
1418501794
1418501795
1418501802
1418501804
1418501805
1418501806
1418501812
1418501812
1418501813
1418501815
1418501815
1418501817
1418501817
1418501817
1418501817
1418501818
1418501819
1418501819
1418501821
1418501823
1418501824
1418501826
1418501828
1418501829
1418501829
1418501829
1418501834
1418501836
1418501849
1418501849
1418501852
1418501862
1418501863
1418501864
1418501864
1418501864
1418501872
1418501872
1418501876
1418501877
1418501882
1418501885
1418501887
1418501890
1418501891
1418501891
1418501895
1418501896
1418501903
1418501911
1418501911
1418501911
1418501912
1418501915
1418501918
1418501920
1418501921
1418501924
1418501926
1418501931
1418501934
1418501938
1418501939
1418501944
1418501952
1418501954
1418501955
1418501957
1418501960
1418501966
1418501968
1418501971
1418501974
1418501976
1418501978
1418501983
1418501983
1418501984
1418501986
1418501987
1418501987
1418501988
1418501989
1418501994
1418502004
1418502004
1418502012
1418502012
1418502012
1418502013
1418502013
1418502014
1418502016
1418502020
1418502030
1418502032
1418502032
1418502033
1418502039
1418502039
1418502039
1418502040
1418502041
1418502043
1418502049
1418502053
1418502057
1418502061
1418502063
1418502064
1418502065
1418502067
1418502073
1418502073
1418502073
1418502081
1418502083
1418502084
1418502084
1418502090
1418502090
1418502090
1418502090
1418502091
1418502091
1418502091
1418502098
1418502102
1418502103
1418502107
1418502110
1418502115
1418502117
1418502120
1418502120
1418502121
1418502130
1418502130
1418502134
1418502135
1418502136
1418502139
1418502145
1418502145
1418502150
1418502152
1418502152
1418502154
1418502161
1418502166
1418502166
1418502168
1418502173
1418502174
1418502175
1418502180
1418502183
1418502183
1418502190
1418502192
1418502193
1418502196
1418502202
1418502208
1418502211
1418502223
1418502224
1418502226
1418502229
1418502230
1418502231
1418502233
1418502234
1418502235
1418502238
1418502238
1418502240
1418502240
1418502244
1418502244
1418502253
1418502253
1418502262
1418502269
1418502271
1418502271
1418502271
1418502277
1418502284
1418502286
1418502290
1418502291
1418502294
1418502295
1418502302
1418502302
1418502307
1418502315
1418502318
1418502318
1418502318
1418502319
1418502321
1418502321
1418502325
1418502336
1418502338
1418502338
1418502340
1418502341
1418502345
1418502350
1418502350
1418502350
1418502353
1418502354
1418502365
1418502365
1418502371
1418502372
1418502374
1418502374
1418502376
1418502380
1418502401
1418502403
1418502405
1418502407
1418502412
1418502412
1418502422
1418502424
1418502428
1418502429
1418502429
1418502431
1418502433
1418502434
1418502434
1418502440
1418502447
1418502448
1418502453
1418502454
1418502454
1418502455
1418502460
1418502461
1418502465
1418502465
1418502472
1418502474
1418502477
1418502477
1418502484
1418502489
1418502490
1418502494
1418502496
1418502498
1418502499
1418502502
1418502504
1418502504
1418502506
1418502512
1418502513
1418502514
1418502515
1418502516
1418502518
1418502518
1418502521
1418502524
1418502526
1418502529
1418502530
1418502533
1418502534
1418502535
1418502538
1418502548
1418502549
1418502550
1418502553
1418502556
1418502557
1418502559
1418502561
1418502572
1418502572
1418502575
1418502587
1418502589
1418502591
1418502593
1418502595
1418502595
1418502598
1418502600
1418502601
1418502608
1418502613
1418502613
1418502618
1418502629
1418502630
1418502630
1418502630
1418502641
1418502647
1418502649
1418502656
1418502663
1418502665
1418502668
1418502669
1418502671
1418502673
1418502676
1418502679
1418502681
1418502684
1418502685
1418502686
1418502702
1418502703
1418502708
1418502714
1418502715
1418502724
1418502729
1418502730
1418502731
1418502735
1418502743
1418502744
1418502744
1418502745
1418502765
1418502767
1418502767
1418502771
1418502777
1418502786
1418502792
1418502799
1418502800
1418502805
1418502809
1418502810
1418502813
1418502818
1418502824
1418502827
1418502830
1418502833
1418502842
1418502844
1418502845
1418502845
1418502846
1418502847
1418502847
1418502848
1418502849
1418502849
1418502854
1418502857
1418502862
1418502865
1418502866
1418502871
1418502872
1418502874
1418502878
1418502880
1418502883
1418502886
1418502890
1418502899
1418502902
1418502913
1418502915
1418502916
1418502920
1418502920
1418502923
1418502925
1418502933
1418502936
1418502949
1418502951
1418502952
1418502959
1418502960
1418502965
1418502971
1418502972
1418502973
1418502979
1418502979
1418502985
1418503012
1418503018
1418503019
1418503021
1418503028
1418503029
1418503031
1418503034
1418503036
1418503036
1418503036
1418503038
1418503040
1418503042
1418503053
1418503053
1418503056
1418503063
1418503064
1418503064
1418503071
1418503091
1418503095
1418503098
1418503113
1418503115
1418503116
1418503120
1418503122
1418503123
1418503128
1418503133
1418503144
1418503144
1418503144
1418503144
1418503147
1418503148
1418503148
1418503149
1418503158
1418503162
1418503164
1418503169
1418503175
1418503176
1418503176
1418503181
1418503183
1418503183
1418503184
1418503187
1418503194
1418503197
1418503198
1418503200
1418503201
1418503205
1418503206
1418503211
1418503218
1418503219
1418503219
1418503221
1418503223
1418503224
1418503227
1418503236
1418503238
1418503240
1418503240
1418503241
1418503242
1418503246
1418503246
1418503256
1418503260
1418503260
1418503271
1418503276
1418503277
1418503279
1418503283
1418503283
1418503287
1418503291
1418503292
1418503299
1418503303
1418503305
1418503308
1418503311
1418503323
1418503324
1418503337
1418503340
1418503342
1418503343
1418503346
1418503351
1418503352
1418503360
1418503363
1418503373
1418503377
1418503379
1418503383
1418503387
1418503395
1418503396
1418503416
1418503417
1418503418
1418503423
1418503428
1418503436
1418503439
1418503442
1418503442
1418503445
1418503449
1418503450
1418503453
1418503455
1418503471
1418503471
1418503480
1418503480
1418503487
1418503497
1418503503
1418503517
1418503519
1418503521
1418503521
1418503531
1418503533
1418503540
1418503544
1418503548
1418503549
1418503553
1418503557
1418503562
1418503564
1418503573
1418503577
1418503578
1418503584
1418503593
1418503600
1418503608
1418503608
1418503611
1418503612
1418503614
1418503616
1418503622
1418503624
1418503628
1418503633
1418503634
1418503637
1418503661
1418503665
1418503680
1418503684
1418503684
1418503685
1418503688
1418503690
1418503692
1418503705
1418503705
1418503707
1418503708
1418503711
1418503717
1418503718
1418503727
1418503732
1418503734
1418503736
1418503739
1418503749
1418503752
1418503758
1418503758
1418503765
1418503766
1418503770
1418503771
1418503774
1418503776
1418503777
1418503780
1418503788
1418503789
1418503790
1418503792
1418503792
1418503800
1418503803
1418503806
1418503809
1418503811
1418503811
1418503814
1418503816
1418503819
1418503823
1418503825
1418503843
1418503847
1418503855
1418503870
1418503876
1418503878
1418503879
1418503879
1418503881
1418503881
1418503892
1418503893
1418503896
1418503899
1418503901
1418503907
1418503907
1418503916
1418503919
1418503921
1418503922
1418503923
1418503923
1418503930
1418503932
1418503943
1418503948
1418503951
1418503951
1418503955
1418503959
1418503962
1418503965
1418503965
1418503969
1418503983
1418503984
1418503985
1418503988
1418503988
1418503995
1418504002
1418504006
1418504012
1418504013
1418504017
1418504019
1418504021
1418504022
1418504025
1418504025
1418504027
1418504028
1418504037
1418504037
1418504038
1418504040
1418504043
1418504049
1418504049
1418504050
1418504052
1418504057
1418504059
1418504065
1418504068
1418504075
1418504078
1418504083
1418504083
1418504092
1418504094
1418504097
1418504103
1418504107
1418504107
1418504110
1418504115
1418504116
1418504125
1418504134
1418504134
1418504134
1418504135
1418504137
1418504147
1418504149
1418504161
1418504173
1418504174
1418504178
1418504181
1418504187
1418504187
1418504190
1418504199
1418504206
1418504206
1418504212
1418504212
1418504214
1418504218
1418504219
1418504223
1418504231
1418504231
1418504233
1418504236
1418504237
1418504242
1418504245
1418504246
1418504250
1418504250
1418504257
1418504258
1418504261
1418504268
1418504287
1418504292
1418504302
1418504307
1418504307
1418504310
1418504310
1418504313
1418504318
1418504320
1418504322
1418504324
1418504325
1418504331
1418504333
1418504334
1418504338
1418504338
1418504349
1418504356
1418504356
1418504358
1418504362
1418504371
1418504374
1418504374
1418504389
1418504399
1418504402
1418504403
1418504406
1418504409
1418504422
1418504424
1418504426
1418504430
1418504443
1418504444
1418504445
1418504455
1418504463
1418504465
1418504479
1418504481
1418504489
1418504494
1418504500
1418504509
1418504511
1418504514
1418504514
1418504517
1418504529
1418504529
1418504530
1418504536
1418504538
1418504547
1418504549
1418504551
1418504553
1418504557
1418504574
1418504581
1418504586
1418504590
1418504591
1418504599
1418504610
1418504611
1418504623
1418504627
1418504628
1418504632
1418504638
1418504639
1418504643
1418504644
1418504653
1418504659
1418504660
1418504663
1418504674
1418504678
1418504680
1418504686
1418504686
1418504695
1418504719
1418504719
1418504729
1418504729
1418504742
1418504750
1418504760
1418504770
1418504774
1418504781
1418504783
1418504789
1418504790
1418504791
1418504799
1418504815
1418504832
1418504834
1418504836
1418504849
1418504850
1418504852
1418504852
1418504863
1418504868
1418504875
1418504876
1418504878
1418504882
1418504885
1418504894
1418504895
1418504896
1418504898
1418504905
1418504909
1418504930
1418504938
1418504938
1418504938
1418504940
1418504945
1418504960
1418504964
1418504965
1418504974
1418504980
1418504985
1418504987
1418504993
1418505000
1418505001
1418505017
1418505018
1418505021
1418505028
1418505031
1418505031
1418505036
1418505044
1418505056
1418505062
1418505063
1418505073
1418505075
1418505085
1418505092
1418505096
1418505097
1418505104
1418505104
1418505117
1418505119
1418505119
1418505125
1418505134
1418505145
1418505146
1418505150
1418505154
1418505155
1418505165
1418505169
1418505176
1418505177
1418505181
1418505204
1418505210
1418505224
1418505226
1418505226
1418505249
1418505250
1418505251
1418505275
1418505276
1418505276
1418505276
1418505278
1418505286
1418505293
1418505307
1418505325
1418505326
1418505326
1418505329
1418505340
1418505347
1418505356
1418505357
1418505359
1418505364
1418505370
1418505388
1418505390
1418505398
1418505399
1418505407
1418505409
1418505409
1418505411
1418505418
1418505421
1418505428
1418505429
1418505438
1418505445
1418505452
1418505454
1418505454
1418505455
1418505460
1418505461
1418505469
1418505473
1418505474
1418505475
1418505476
1418505477
1418505477
1418505487
1418505488
1418505490
1418505499
1418505500
1418505516
1418505516
1418505525
1418505532
1418505532
1418505537
1418505540
1418505544
1418505545
1418505545
1418505551
1418505552
1418505554
1418505558
1418505588
1418505588
1418505589
1418505594
1418505596
1418505603
1418505611
1418505613
1418505615
1418505630
1418505630
1418505633
1418505642
1418505647
1418505660
1418505661
1418505674
1418505682
1418505694
1418505697
1418505702
1418505708
1418505714
1418505716
1418505725
1418505726
1418505730
1418505769
1418505815
1418505825
1418505826
1418505831
1418505833
1418505836
1418505842
1418505846
1418505847
1418505848
1418505850
1418505851
1418505853
1418505857
1418505872
1418505876
1418505885
1418505891
1418505893
1418505899
1418505903
1418505912
1418505913
1418505917
1418505918
1418505923
1418505931
1418505932
1418505938
1418505938
1418505939
1418505943
1418505944
1418505946
1418505948
1418505948
1418505974
1418505976
1418505977
1418505979
1418505981
1418505982
1418506001
1418506004
1418506006
1418506007
1418506008
1418506018
1418506020
1418506021
1418506041
1418506049
1418506067
1418506067
1418506073
1418506086
1418506098
1418506102
1418506102
1418506113
1418506118
1418506119
1418506121
1418506131
1418506132
1418506148
1418506153
1418506154
1418506168
1418506180
1418506193
1418506195
1418506199
1418506205
1418506222
1418506240
1418506241
1418506246
1418506253
1418506259
1418506265
1418506268
1418506269
1418506269
1418506280
1418506284
1418506284
1418506287
1418506292
1418506307
1418506307
1418506308
1418506314
1418506317
1418506338
1418506348
1418506350
1418506378
1418506379
1418506392
1418506393
1418506394
1418506399
1418506401
1418506411
1418506428
1418506436
1418506451
1418506472
1418506478
1418506483
1418506488
1418506491
1418506504
1418506519
1418506528
1418506532
1418506537
1418506541
1418506552
1418506579
1418506584
1418506589
1418506609
1418506619
1418506619
1418506622
1418506630
1418506632
1418506636
1418506649
1418506654
1418506655
1418506658
1418506669
1418506672
1418506679
1418506679
1418506688
1418506694
1418506694
1418506699
1418506702
1418506708
1418506740
1418506753
1418506758
1418506794
1418506805
1418506814
1418506817
1418506828
1418506852
1418506860
1418506862
1418506871
1418506871
1418506873
1418506873
1418506877
1418506883
1418506898
1418506906
1418506911
1418506914
1418506916
1418506918
1418506924
1418506927
1418506938
1418506947
1418506950
1418506950
1418506955
1418506975
1418506980
1418507000
1418507000
1418507004
1418507028
1418507034
1418507039
1418507057
1418507061
1418507064
1418507080
1418507093
1418507095
1418507096
1418507102
1418507107
1418507126
1418507135
1418507151
1418507209
1418507211
1418507215
1418507217
1418507222
1418507238
1418507256
1418507270
1418507273
1418507274
1418507282
1418507290
1418507290
1418507293
1418507307
1418507315
1418507322
1418507334
1418507350
1418507352
1418507370
1418507372
1418507373
1418507398
1418507400
1418507405
1418507417
1418507420
1418507424
1418507428
1418507433
1418507446
1418507453
1418507463
1418507472
1418507473
1418507482
1418507495
1418507502
1418507503
1418507522
1418507528
1418507530
1418507530
1418507545
1418507550
1418507554
1418507559
1418507562
1418507590
1418507597
1418507598
1418507617
1418507618
1418507622
1418507623
1418507630
1418507631
1418507634
1418507635
1418507641
1418507670
1418507676
1418507678
1418507679
1418507681
1418507688
1418507688
1418507692
1418507693
1418507699
1418507718
1418507727
1418507731
1418507735
1418507746
1418507751
1418507755
1418507764
1418507780
1418507784
1418507789
1418507790
1418507795
1418507795
1418507800
1418507804
1418507811
1418507833
1418507845
1418507846
1418507855
1418507859
1418507862
1418507867
1418507878
1418507879
1418507888
1418507897
1418507908
1418507911
1418507916
1418507929
1418507943
1418507949
1418507962
1418507969
1418507973
1418507973
1418507975
1418507976
1418507976
1418507981
1418507981
1418507982
1418507989
1418507989
1418508004
1418508007
1418508018
1418508027
1418508032
1418508042
1418508042
1418508068
1418508069
1418508075
1418508088
1418508096
1418508101
1418508106
1418508107
1418508108
1418508114
1418508136
1418508142
1418508147
1418508153
1418508171
1418508177
1418508178
1418508189
1418508190
1418508192
1418508201
1418508215
1418508227
1418508250
1418508259
1418508264
1418508272
1418508283
1418508284
1418508298
1418508299
1418508300
1418508302
1418508305
1418508308
1418508310
1418508311
1418508314
1418508321
1418508323
1418508333
1418508334
1418508338
1418508347
1418508352
1418508357
1418508358
1418508394
1418508406
1418508413
1418508416
1418508429
1418508441
1418508453
1418508458
1418508474
1418508504
1418508517
1418508543
1418508547
1418508552
1418508554
1418508555
1418508561
1418508571
1418508575
1418508577
1418508580
1418508581
1418508583
1418508586
1418508592
1418508592
1418508598
1418508604
1418508610
1418508612
1418508625
1418508625
1418508626
1418508626
1418508628
1418508629
1418508634
1418508639
1418508659
1418508665
1418508674
1418508675
1418508687
1418508689
1418508690
1418508723
1418508740
1418508747
1418508753
1418508773
1418508776
1418508798
1418508801
1418508802
1418508803
1418508814
1418508829
1418508839
1418508849
1418508855
1418508871
1418508874
1418508885
1418508885
1418508886
1418508889
1418508893
1418508934
1418508936
1418508947
1418508952
1418509003
1418509016
1418509017
1418509027
1418509073
1418509083
1418509087
1418509089
1418509106
1418509107
1418509117
1418509117
1418509125
1418509171
1418509171
1418509174
1418509181
1418509185
1418509191
1418509195
1418509206
1418509220
1418509233
1418509253
1418509260
1418509264
1418509269
1418509272
1418509275
1418509289
1418509292
1418509294
1418509305
1418509315
1418509319
1418509327
1418509344
1418509347
1418509375
1418509385
1418509390
1418509405
1418509413
1418509416
1418509420
1418509423
1418509452
1418509455
1418509462
1418509488
1418509499
1418509503
1418509506
1418509507
1418509537
1418509557
1418509563
1418509567
1418509571
1418509577
1418509584
1418509592
1418509606
1418509606
1418509615
1418509618
1418509618
1418509619
1418509621
1418509643
1418509687
1418509689
1418509689
1418509702
1418509732
1418509732
1418509735
1418509736
1418509738
1418509766
1418509777
1418509794
1418509796
1418509805
1418509812
1418509822
1418509831
1418509838
1418509843
1418509843
1418509848
1418509859
1418509870
1418509887
1418509890
1418509895
1418509899
1418509913
1418509953
1418509959
1418509960
1418509978
1418509982
1418509987
1418509998
1418510020
1418510031
1418510050
1418510052
1418510068
1418510071
1418510080
1418510082
1418510103
1418510119
1418510128
1418510132
1418510134
1418510144
1418510147
1418510173
1418510191
1418510206
1418510211
1418510211
1418510211
1418510217
1418510220
1418510234
1418510238
1418510274
1418510277
1418510281
1418510282
1418510300
1418510303
1418510313
1418510331
1418510340
1418510341
1418510383
1418510408
1418510428
1418510430
1418510434
1418510453
1418510466
1418510520
1418510549
1418510549
1418510558
1418510564
1418510569
1418510571
1418510585
1418510588
1418510592
1418510600
1418510609
1418510630
1418510643
1418510668
1418510670
1418510680
1418510682
1418510723
1418510727
1418510728
1418510739
1418510761
1418510775
1418510790
1418510796
1418510803
1418510807
1418510821
1418510833
1418510833
1418510836
1418510839
1418510849
1418510868
1418510871
1418510876
1418510876
1418510919
1418510944
1418510957
1418510957
1418510992
1418511003
1418511011
1418511017
1418511018
1418511030
1418511049
1418511056
1418511068
1418511071
1418511086
1418511090
1418511105
1418511114
1418511123
1418511130
1418511163
1418511183
1418511184
1418511188
1418511203
1418511203
1418511203
1418511214
1418511222
1418511242
1418511254
1418511268
1418511279
1418511280
1418511284
1418511311
1418511328
1418511352
1418511355
1418511371
1418511378
1418511386
1418511392
1418511446
1418511450
1418511469
1418511477
1418511479
1418511483
1418511487
1418511490
1418511512
1418511540
1418511566
1418511593
1418511593
1418511606
1418511617
1418511628
1418511632
1418511672
1418511682
1418511692
1418511693
1418511696
1418511697
1418511722
1418511731
1418511734
1418511753
1418511768
1418511772
1418511777
1418511782
1418511782
1418511787
1418511795
1418511831
1418511838
1418511864
1418511876
1418511898
1418511907
1418511914
1418511920
1418511940
1418511946
1418511974
1418511976
1418511976
1418511996
1418512001
1418512004
1418512061
1418512064
1418512090
1418512142
1418512164
1418512170
1418512171
1418512198
1418512201
1418512233
1418512256
1418512257
1418512258
1418512273
1418512278
1418512289
1418512318
1418512323
1418512325
1418512329
1418512337
1418512341
1418512349
1418512354
1418512363
1418512381
1418512402
1418512403
1418512413
1418512413
1418512436
1418512458
1418512510
1418512515
1418512521
1418512522
1418512524
1418512542
1418512542
1418512556
1418512591
1418512594
1418512616
1418512621
1418512624
1418512646
1418512697
1418512728
1418512732
1418512732
1418512733
1418512734
1418512752
1418512758
1418512804
1418512811
1418512813
1418512816
1418512855
1418512878
1418512893
1418512898
1418512900
1418512912
1418512913
1418512915
1418512927
1418512931
1418512997
1418513009
1418513031
1418513040
1418513053
1418513060
1418513064
1418513066
1418513074
1418513077
1418513103
1418513139
1418513140
1418513146
1418513153
1418513167
1418513177
1418513182
1418513191
1418513203
1418513208
1418513208
1418513211
1418513223
1418513228
1418513233
1418513255
1418513268
1418513312
1418513317
1418513317
1418513332
1418513341
1418513414
1418513420
1418513443
1418513448
1418513508
1418513515
1418513522
1418513527
1418513530
1418513533
1418513537
1418513570
1418513618
1418513627
1418513673
1418513683
1418513686
1418513699
1418513699
1418513700
1418513702
1418513702
1418513705
1418513708
1418513725
1418513731
1418513735
1418513787
1418513789
1418513797
1418513802
1418513854
1418513865
1418513871
1418513892
1418513921
1418513961
1418513972
1418513976
1418513977
1418513986
1418513991
1418513996
1418514002
1418514033
1418514034
1418514034
1418514037
1418514038
1418514065
1418514073
1418514082
1418514088
1418514097
1418514150
1418514155
1418514157
1418514177
1418514196
1418514197
1418514201
1418514202
1418514203
1418514214
1418514222
1418514246
1418514266
1418514275
1418514278
1418514294
1418514297
1418514300
1418514302
1418514319
1418514322
1418514324
1418514329
1418514345
1418514371
1418514385
1418514388
1418514424
1418514425
1418514447
1418514450
1418514457
1418514457
1418514471
1418514482
1418514495
1418514522
1418514527
1418514528
1418514550
1418514593
1418514619
1418514623
1418514636
1418514640
1418514672
1418514680
1418514680
1418514695
1418514706
1418514710
1418514714
1418514725
1418514738
1418514751
1418514752
1418514759
1418514765
1418514783
1418514794
1418514805
1418514825
1418514825
1418514836
1418514877
1418514877
1418514882
1418514882
1418514897
1418514899
1418514899
1418514922
1418514936
1418514943
1418514946
1418514960
1418514961
1418514961
1418514971
1418514993
1418515002
1418515008
1418515018
1418515022
1418515034
1418515035
1418515049
1418515050
1418515051
1418515072
1418515092
1418515098
1418515102
1418515112
1418515123
1418515125
1418515131
1418515150
1418515163
1418515171
1418515173
1418515177
1418515181
1418515184
1418515189
1418515193
1418515199
1418515215
1418515238
1418515254
1418515278
1418515286
1418515299
1418515300
1418515308
1418515308
1418515323
1418515323
1418515346
1418515346
1418515352
1418515358
1418515370
1418515382
1418515385
1418515397
1418515399
1418515415
1418515433
1418515449
1418515452
1418515475
1418515520
1418515533
1418515565
1418515577
1418515582
1418515626
1418515631
1418515640
1418515653
1418515657
1418515675
1418515717
1418515720
1418515722
1418515726
1418515738
1418515745
1418515747
1418515753
1418515765
1418515769
1418515785
1418515808
1418515815
1418515840
1418515871
1418515883
1418515895
1418515914
1418515914
1418515916
1418515918
1418515932
1418515935
1418515955
1418515966
1418515978
1418515989
1418515990
1418515994
1418516005
1418516020
1418516028
1418516032
1418516039
1418516048
1418516058
1418516064
1418516086
1418516141
1418516197
1418516210
1418516211
1418516217
1418516229
1418516242
1418516247
1418516258
1418516286
1418516381
1418516389
1418516390
1418516397
1418516414
1418516417
1418516418
1418516429
1418516481
1418516515
1418516518
1418516530
1418516541
1418516558
1418516568
1418516584
1418516641
1418516647
1418516651
1418516651
1418516652
1418516687
1418516704
1418516756
1418516765
1418516779
1418516793
1418516803
1418516812
1418516868
1418516876
1418516885
1418516887
1418516901
1418516903
1418516926
1418516954
1418516966
1418516983
1418517013
1418517025
1418517041
1418517048
1418517054
1418517091
1418517093
1418517110
1418517120
1418517152
1418517154
1418517155
1418517156
1418517160
1418517221
1418517230
1418517236
1418517242
1418517263
1418517269
1418517271
1418517289
1418517313
1418517332
1418517356
1418517364
1418517373
1418517380
1418517385
1418517407
1418517425
1418517437
1418517445
1418517447
1418517462
1418517467
1418517471
1418517478
1418517480
1418517512
1418517513
1418517518
1418517531
1418517539
1418517540
1418517565
1418517581
1418517600
1418517609
1418517631
1418517637
1418517641
1418517655
1418517660
1418517690
1418517692
1418517706
1418517709
1418517711
1418517733
1418517771
1418517776
1418517780
1418517781
1418517783
1418517795
1418517834
1418517843
1418517855
1418517865
1418517865
1418517898
1418517900
1418517901
1418517901
1418517910
1418517944
1418517974
1418517977
1418517990
1418518011
1418518022
1418518043
1418518067
1418518091
1418518094
1418518095
1418518103
1418518111
1418518124
1418518160
1418518160
1418518174
1418518182
1418518187
1418518209
1418518220
1418518225
1418518228
1418518237
1418518242
1418518249
1418518255
1418518265
1418518271
1418518276
1418518316
1418518330
1418518356
1418518357
1418518378
1418518381
1418518403
1418518422
1418518431
1418518438
1418518440
1418518448
1418518455
1418518456
1418518462
1418518475
1418518481
1418518511
1418518546
1418518547
1418518555
1418518557
1418518561
1418518608
1418518610
1418518612
1418518631
1418518646
1418518655
1418518665
1418518666
1418518687
1418518703
1418518715
1418518725
1418518732
1418518755
1418518782
1418518811
1418518845
1418518850
1418518853
1418518869
1418518889
1418518914
1418518916
1418518924
1418518924
1418518928
1418518964
1418518966
1418518981
1418519010
1418519017
1418519042
1418519048
1418519055
1418519057
1418519061
1418519097
1418519114
1418519140
1418519140
1418519142
1418519143
1418519150
1418519155
1418519161
1418519165
1418519179
1418519181
1418519190
1418519204
1418519208
1418519263
1418519285
1418519304
1418519320
1418519325
1418519346
1418519352
1418519381
1418519396
1418519418
1418519458
1418519494
1418519512
1418519557
1418519579
1418519608
1418519612
1418519629
1418519632
1418519646
1418519734
1418519737
1418519740
1418519754
1418519779
1418519839
1418519853
1418519855
1418519857
1418519865
1418519874
1418519885
1418519891
1418519892
1418519896
1418519902
1418519912
1418519966
1418519990
1418520014
1418520018
1418520024
1418520062
1418520067
1418520069
1418520079
1418520094
1418520102
1418520104
1418520110
1418520146
1418520149
1418520160
1418520182
1418520190
1418520194
1418520206
1418520222
1418520237
1418520256
1418520258
1418520262
1418520287
1418520317
1418520317
1418520319
1418520327
1418520333
1418520369
1418520378
1418520382
1418520383
1418520414
1418520418
1418520429
1418520430
1418520438
1418520505
1418520510
1418520521
1418520523
1418520523
1418520523
1418520529
1418520610
1418520623
1418520624
1418520649
1418520658
1418520672
1418520678
1418520678
1418520688
1418520691
1418520703
1418520714
1418520728
1418520744
1418520762
1418520783
1418520831
1418520845
1418520846
1418520849
1418520867
1418520890
1418520899
1418520932
1418520950
1418521044
1418521048
1418521050
1418521057
1418521070
1418521070
1418521114
1418521120
1418521131
1418521157
1418521165
1418521171
1418521174
1418521177
1418521192
1418521206
1418521230
1418521247
1418521248
1418521250
1418521251
1418521269
1418521270
1418521280
1418521287
1418521294
1418521315
1418521351
1418521415
1418521431
1418521439
1418521441
1418521471
1418521485
1418521497
1418521502
1418521504
1418521507
1418521530
1418521544
1418521547
1418521586
1418521601
1418521609
1418521627
1418521663
1418521688
1418521722
1418521749
1418521755
1418521757
1418521792
1418521800
1418521807
1418521871
1418521888
1418521899
1418521900
1418521905
1418521931
1418521933
1418521946
1418521956
1418521965
1418521977
1418521991
1418522015
1418522050
1418522075
1418522096
1418522096
1418522104
1418522113
1418522155
1418522179
1418522207
1418522223
1418522225
1418522225
1418522228
1418522229
1418522231
1418522262
1418522282
1418522289
1418522298
1418522299
1418522324
1418522333
1418522333
1418522345
1418522379
1418522380
1418522393
1418522413
1418522418
1418522420
1418522436
1418522436
1418522470
1418522517
1418522525
1418522526
1418522550
1418522559
1418522563
1418522570
1418522575
1418522593
1418522621
1418522622
1418522633
1418522637
1418522643
1418522648
1418522654
1418522664
1418522674
1418522679
1418522698
1418522706
1418522734
1418522739
1418522762
1418522770
1418522790
1418522793
1418522803
1418522803
1418522816
1418522818
1418522830
1418522885
1418522888
1418522904
1418522921
1418522930
1418522939
1418522953
1418522953
1418522954
1418522956
1418523014
1418523017
1418523018
1418523020
1418523024
1418523030
1418523040
1418523049
1418523104
1418523118
1418523131
1418523135
1418523140
1418523150
1418523180
1418523205
1418523206
1418523243
1418523292
1418523302
1418523314
1418523318
1418523355
1418523370
1418523381
1418523392
1418523411
1418523414
1418523431
1418523465
1418523479
1418523479
1418523480
1418523490
1418523519
1418523528
1418523544
1418523549
1418523550
1418523556
1418523568
1418523596
1418523609
1418523609
1418523623
1418523679
1418523683
1418523694
1418523706
1418523711
1418523717
1418523719
1418523721
1418523747
1418523752
1418523763
1418523763
1418523786
1418523790
1418523792
1418523794
1418523804
1418523825
1418523825
1418523848
1418523861
1418523874
1418523875
1418523909
1418523933
1418523937
1418523954
1418523964
1418523966
1418523971
1418523972
1418524030
1418524035
1418524047
1418524142
1418524178
1418524180
1418524207
1418524214
1418524218
1418524242
1418524249
1418524262
1418524263
1418524264
1418524274
1418524282
1418524284
1418524285
1418524314
1418524318
1418524362
1418524363
1418524365
1418524394
1418524455
1418524473
1418524495
1418524502
1418524508
1418524517
1418524567
1418524589
1418524592
1418524601
1418524607
1418524621
1418524634
1418524639
1418524639
1418524646
1418524662
1418524679
1418524683
1418524691
1418524693
1418524715
1418524715
1418524749
1418524767
1418524773
1418524781
1418524801
1418524814
1418524818
1418524835
1418524863
1418524867
1418524890
1418524891
1418524908
1418524909
1418524920
1418524938
1418524959
1418524980
1418524995
1418525000
1418525016
1418525026
1418525113
1418525124
1418525146
1418525157
1418525169
1418525172
1418525187
1418525193
1418525214
1418525219
1418525243
1418525254
1418525260
1418525306
1418525319
1418525378
1418525387
1418525388
1418525393
1418525430
1418525436
1418525484
1418525506
1418525536
1418525547
1418525552
1418525596
1418525608
1418525614
1418525617
1418525715
1418525727
1418525728
1418525751
1418525774
1418525778
1418525818
1418525832
1418525842
1418525864
1418525871
1418525873
1418525886
1418525890
1418525909
1418525914
1418525915
1418525919
1418525919
1418525919
1418525920
1418525920
1418525922
1418525932
1418525941
1418525953
1418525997
1418526018
1418526039
1418526062
1418526069
1418526072
1418526110
1418526121
1418526127
1418526164
1418526190
1418526204
1418526206
1418526213
1418526222
1418526276
1418526286
1418526304
1418526304
1418526307
1418526317
1418526328
1418526351
1418526364
1418526373
1418526384
1418526403
1418526407
1418526414
1418526416
1418526417
1418526436
1418526468
1418526471
1418526483
1418526485
1418526500
1418526536
1418526541
1418526558
1418526567
1418526570
1418526572
1418526582
1418526593
1418526619
1418526623
1418526642
1418526647
1418526647
1418526650
1418526690
1418526706
1418526756
1418526805
1418526817
1418526848
1418526851
1418526862
1418526890
1418526898
1418526917
1418526985
1418527054
1418527060
1418527061
1418527077
1418527109
1418527110
1418527115
1418527163
1418527183
1418527187
1418527276
1418527280
1418527286
1418527303
1418527315
1418527326
1418527360
1418527367
1418527376
1418527425
1418527425
1418527445
1418527462
1418527544
1418527545
1418527561
1418527614
1418527619
1418527653
1418527724
1418527735
1418527737
1418527745
1418527749
1418527769
1418527825
1418527831
1418527843
1418527847
1418527864
1418527871
1418527878
1418527914
1418527938
1418527948
1418527983
1418527999
1418528022
1418528025
1418528030
1418528044
1418528046
1418528064
1418528066
1418528073
1418528096
1418528115
1418528126
1418528165
1418528173
1418528185
1418528192
1418528242
1418528245
1418528251
1418528260
1418528271
1418528275
1418528319
1418528331
1418528333
1418528365
1418528366
1418528395
1418528399
1418528411
1418528428
1418528464
1418528468
1418528487
1418528507
1418528507
1418528521
1418528530
1418528560
1418528570
1418528571
1418528582
1418528586
1418528587
1418528591
1418528635
1418528649
1418528651
1418528656
1418528667
1418528675
1418528680
1418528685
1418528689
1418528707
1418528710
1418528711
1418528716
1418528735
1418528737
1418528742
1418528799
1418528811
1418528816
1418528833
1418528863
1418528880
1418528899
1418528932
1418528933
1418528939
1418528940
1418528950
1418528954
1418528975
1418528981
1418529000
1418529020
1418529075
1418529092
1418529116
1418529118
1418529122
1418529133
1418529135
1418529161
1418529167
1418529169
1418529182
1418529192
1418529193
1418529194
1418529198
1418529199
1418529241
1418529248
1418529256
1418529273
1418529289
1418529294
1418529296
1418529309
1418529314
1418529322
1418529349
1418529358
1418529370
1418529375
1418529395
1418529415
1418529424
1418529426
1418529428
1418529445
1418529463
1418529463
1418529492
1418529495
1418529511
1418529516
1418529523
1418529532
1418529540
1418529582
1418529583
1418529591
1418529599
1418529609
1418529631
1418529638
1418529639
1418529648
1418529662
1418529671
1418529680
1418529687
1418529712
1418529713
1418529715
1418529733
1418529747
1418529755
1418529771
1418529780
1418529785
1418529802
1418529802
1418529805
1418529930
1418529946
1418529955
1418529962
1418529965
1418529975
1418530050
1418530070
1418530080
1418530104
1418530109
1418530119
1418530131
1418530146
1418530156
1418530162
1418530169
1418530196
1418530197
1418530203
1418530219
1418530254
1418530256
1418530258
1418530328
1418530342
1418530353
1418530371
1418530373
1418530376
1418530408
1418530415
1418530415
1418530480
1418530486
1418530499
1418530516
1418530531
1418530564
1418530600
1418530663
1418530677
1418530677
1418530679
1418530682
1418530689
1418530706
1418530706
1418530777
1418530783
1418530792
1418530809
1418530814
1418530824
1418530831
1418530832
1418530832
1418530834
1418530856
1418530857
1418530858
1418530865
1418530882
1418530927
1418530951
1418530969
1418530980
1418531002
1418531016
1418531030
1418531032
1418531080
1418531138
1418531167
1418531194
1418531195
1418531204
1418531240
1418531250
1418531280
1418531295
1418531315
1418531328
1418531353
1418531359
1418531359
1418531362
1418531403
1418531406
1418531450
1418531463
1418531473
1418531488
1418531495
1418531506
1418531590
1418531591
1418531596
1418531601
1418531609
1418531626
1418531626
1418531627
1418531635
1418531636
1418531638
1418531667
1418531671
1418531693
1418531717
1418531738
1418531748
1418531764
1418531782
1418531801
1418531802
1418531822
1418531833
1418531856
1418531861
1418531863
1418531866
1418531880
1418531923
1418531959
1418531982
1418531993
1418531994
1418532003
1418532017
1418532019
1418532034
1418532057
1418532093
1418532113
1418532113
1418532134
1418532146
1418532164
1418532188
1418532189
1418532196
1418532196
1418532230
1418532234
1418532243
1418532258
1418532260
1418532261
1418532264
1418532288
1418532290
1418532293
1418532305
1418532308
1418532341
1418532361
1418532385
1418532394
1418532410
1418532433
1418532439
1418532473
1418532473
1418532480
1418532481
1418532491
1418532503
1418532513
1418532517
1418532532
1418532542
1418532545
1418532555
1418532587
1418532604
1418532623
1418532666
1418532666
1418532670
1418532685
1418532724
1418532734
1418532735
1418532743
1418532763
1418532774
1418532780
1418532789
1418532811
1418532813
1418532842
1418532843
1418532878
1418532878
1418532879
1418532880
1418532882
1418532944
1418532952
1418532971
1418532990
1418533015
1418533019
1418533035
1418533041
1418533066
1418533074
1418533134
1418533135
1418533137
1418533142
1418533155
1418533200
1418533218
1418533233
1418533258
1418533288
1418533305
1418533312
1418533343
1418533347
1418533350
1418533352
1418533371
1418533386
1418533396
1418533399
1418533402
1418533450
1418533466
1418533496
1418533502
1418533510
1418533522
1418533543
1418533549
1418533551
1418533595
1418533618
1418533647
1418533673
1418533693
1418533709
1418533713
1418533716
1418533740
1418533759
1418533760
1418533782
1418533831
1418533842
1418533849
1418533872
1418533876
1418533877
1418533879
1418533900
1418533903
1418533911
1418533983
1418533988
1418534001
1418534003
1418534003
1418534013
1418534014
1418534122
1418534127
1418534148
1418534203
1418534204
1418534219
1418534223
1418534228
1418534233
1418534236
1418534267
1418534274
1418534317
1418534321
1418534329
1418534341
1418534369
1418534388
1418534392
1418534420
1418534446
1418534455
1418534456
1418534458
1418534470
1418534481
1418534493
1418534524
1418534539
1418534548
1418534549
1418534591
1418534592
1418534618
1418534628
1418534632
1418534641
1418534667
1418534670
1418534724
1418534763
1418534764
1418534770
1418534772
1418534790
1418534801
1418534802
1418534813
1418534814
1418534838
1418534860
1418534862
1418534865
1418534898
1418534906
1418534909
1418534919
1418534923
1418534943
1418534958
1418534964
1418534975
1418534976
1418535000
1418535013
1418535059
1418535086
1418535129
1418535147
1418535159
1418535161
1418535195
1418535201
1418535249
1418535264
1418535270
1418535284
1418535370
1418535376
1418535386
1418535410
1418535461
1418535469
1418535476
1418535526
1418535563
1418535565
1418535573
1418535590
1418535593
1418535603
1418535623
1418535664
1418535673
1418535681
1418535682
1418535712
1418535716
1418535716
1418535729
1418535735
1418535752
1418535753
1418535759
1418535763
1418535764
1418535776
1418535801
1418535816
1418535836
1418535837
1418535857
1418535888
1418535892
1418535894
1418535897
1418535899
1418535910
1418535914
1418535921
1418535964
1418535970
1418535983
1418535991
1418536000
1418536013
1418536014
1418536018
1418536025
1418536051
1418536077
1418536080
1418536084
1418536119
1418536119
1418536138
1418536191
1418536228
1418536244
1418536252
1418536256
1418536264
1418536270
1418536286
1418536290
1418536313
1418536318
1418536379
1418536386
1418536401
1418536408
1418536409
1418536420
1418536448
1418536457
1418536461
1418536478
1418536478
1418536488
1418536494
1418536511
1418536518
1418536576
1418536591
1418536593
1418536595
1418536625
1418536635
1418536734
1418536746
1418536768
1418536770
1418536774
1418536777
1418536783
1418536860
1418536861
1418536864
1418536875
1418536894
1418536897
1418536962
1418536969
1418537047
1418537065
1418537068
1418537105
1418537105
1418537110
1418537130
1418537133
1418537138
1418537147
1418537149
1418537151
1418537159
1418537178
1418537203
1418537218
1418537254
1418537266
1418537288
1418537350
1418537350
1418537382
1418537399
1418537402
1418537430
1418537445
1418537500
1418537579
1418537619
1418537625
1418537634
1418537648
1418537649
1418537726
1418537734
1418537739
1418537757
1418537761
1418537794
1418537818
1418537831
1418537838
1418537851
1418537925
1418537989
1418538016
1418538027
1418538057
1418538062
1418538100
1418538114
1418538132
1418538134
1418538152
1418538158
1418538159
1418538161
1418538165
1418538175
1418538201
1418538234
1418538260
1418538269
1418538276
1418538277
1418538280
1418538287
1418538294
1418538296
1418538301
1418538328
1418538334
1418538340
1418538348
1418538350
1418538358
1418538373
1418538386
1418538444
1418538453
1418538476
1418538483
1418538520
1418538527
1418538542
1418538568
1418538581
1418538583
1418538648
1418538670
1418538682
1418538714
1418538728
1418538730
1418538745
1418538748
1418538756
1418538770
1418538812
1418538816
1418538856
1418538862
1418538890
1418538930
1418538981
1418538995
1418539028
1418539055
1418539058
1418539104
1418539133
1418539135
1418539184
1418539187
1418539232
1418539279
1418539344
1418539393
1418539416
1418539472
1418539473
1418539485
1418539489
1418539499
1418539506
1418539531
1418539564
1418539589
1418539603
1418539612
1418539638
1418539649
1418539685
1418539717
1418539720
1418539726
1418539741
1418539817
1418539837
1418539856
1418539892
1418539945
1418539974
1418539984
1418539985
1418540025
1418540028
1418540058
1418540097
1418540111
1418540122
1418540140
1418540150
1418540151
1418540181
1418540217
1418540221
1418540234
1418540251
1418540274
1418540310
1418540310
1418540343
1418540368
1418540382
1418540390
1418540402
1418540424
1418540461
1418540461
1418540467
1418540516
1418540554
1418540586
1418540643
1418540645
1418540648
1418540722
1418540732
1418540734
1418540785
1418540791
1418540793
1418540803
1418540803
1418540866
1418540930
1418540931
1418541055
1418541101
1418541118
1418541168
1418541187
1418541236
1418541254
1418541269
1418541297
1418541337
1418541346
1418541356
1418541358
1418541382
1418541396
1418541457
1418541459
1418541464
1418541506
1418541508
1418541512
1418541522
1418541532
1418541544
1418541602
1418541614
1418541650
1418541696
1418541711
1418541735
1418541749
1418541753
1418541794
1418541801
1418541802
1418541829
1418541848
1418541859
1418541864
1418541875
1418541903
1418541926
1418541943
1418541956
1418541962
1418541971
1418542021
1418542049
1418542068
1418542082
1418542088
1418542092
1418542096
1418542137
1418542146
1418542216
1418542228
1418542230
1418542250
1418542260
1418542260
1418542286
1418542298
1418542319
1418542331
1418542335
1418542342
1418542385
1418542391
1418542410
1418542419
1418542458
1418542462
1418542468
1418542473
1418542483
1418542512
1418542529
1418542532
1418542548
1418542575
1418542583
1418542589
1418542596
1418542667
1418542677
1418542747
1418542771
1418542775
1418542775
1418542790
1418542815
1418542845
1418542877
1418542890
1418543061
1418543079
1418543170
1418543263
1418543300
1418543326
1418543335
1418543344
1418543353
1418543394
1418543409
1418543469
1418543496
1418543558
1418543604
1418543613
1418543680
1418543686
1418543701
1418543736
1418543780
1418543823
1418543825
1418543873
1418543926
1418543935
1418543971
1418543973
1418543995
1418544051
1418544065
1418544077
1418544077
1418544080
1418544082
1418544123
1418544130
1418544230
1418544262
1418544283
1418544292
1418544324
1418544356
1418544358
1418544409
1418544415
1418544445
1418544448
1418544469
1418544474
1418544493
1418544510
1418544590
1418544591
1418544600
1418544618
1418544649
1418544668
1418544672
1418544683
1418544683
1418544687
1418544692
1418544704
1418544716
1418544744
1418544751
1418544797
1418544801
1418544806
1418544824
1418544849
1418544869
1418544871
1418544875
1418544886
1418544887
1418544903
1418544943
1418544994
1418544998
1418545005
1418545008
1418545014
1418545020
1418545025
1418545049
1418545051
1418545054
1418545160
1418545167
1418545318
1418545318
1418545320
1418545356
1418545358
1418545466
1418545484
1418545523
1418545524
1418545540
1418545713
1418545756
1418545790
1418545818
1418545864
1418545868
1418545886
1418545888
1418545973
1418545979
1418546020
1418546020
1418546035
1418546041
1418546053
1418546054
1418546070
1418546098
1418546230
1418546237
1418546256
1418546319
1418546320
1418546329
1418546343
1418546373
1418546380
1418546382
1418546391
1418546410
1418546468
1418546474
1418546483
1418546499
1418546510
1418546515
1418546530
1418546543
1418546550
1418546591
1418546592
1418546596
1418546603
1418546622
1418546634
1418546659
1418546667
1418546691
1418546743
1418546779
1418546797
1418546798
1418546800
1418546842
1418546851
1418546899
1418546909
1418546920
1418547009
1418547025
1418547095
1418547167
1418547182
1418547211
1418547239
1418547257
1418547269
1418547294
1418547328
1418547365
1418547372
1418547374
1418547429
1418547462
1418547513
1418547529
1418547539
1418547544
1418547566
1418547621
1418547701
1418547724
1418547745
1418547841
1418547853
1418547868
1418547874
1418547892
1418547955
1418548047
1418548119
1418548120
1418548144
1418548155
1418548172
1418548188
1418548189
1418548331
1418548425
1418548427
1418548526
1418548572
1418548586
1418548618
1418548629
1418548637
1418548643
1418548673
1418548675
1418548695
1418548717
1418548726
1418548754
1418548755
1418548759
1418548796
1418548821
1418548906
1418548923
1418548923
1418548953
1418548972
1418549053
1418549059
1418549065
1418549084
1418549146
1418549164
1418549166
1418549172
1418549184
1418549190
1418549191
1418549212
1418549227
1418549326
1418549329
1418549394
1418549405
1418549438
1418549443
1418549463
1418549470
1418549558
1418549607
1418549613
1418549637
1418549669
1418549671
1418549684
1418549691
1418549707
1418549722
1418549756
1418549805
1418549819
1418549825
1418549844
1418549865
1418549871
1418549935
1418549963
1418549990
1418549994
1418550014
1418550039
1418550065
1418550077
1418550100
1418550171
1418550190
1418550220
1418550229
1418550239
1418550269
1418550292
1418550302
1418550304
1418550417
1418550420
1418550423
1418550439
1418550474
1418550484
1418550534
1418550548
1418550583
1418550589
1418550592
1418550635
1418550640
1418550670
1418550674
1418550696
1418550829
1418550830
1418550867
1418550968
1418550986
1418551065
1418551091
1418551097
1418551117
1418551140
1418551153
1418551155
1418551184
1418551184
1418551224
1418551248
1418551250
1418551299
1418551351
1418551428
1418551428
1418551449
1418551461
1418551550
1418551639
1418551643
1418551651
1418551685
1418551696
1418551703
1418551762
1418551815
1418551831
1418551833
1418551845
1418551904
1418551909
1418551910
1418551920
1418551929
1418551993
1418552027
1418552052
1418552112
1418552126
1418552131
1418552177
1418552231
1418552290
1418552304
1418552381
1418552381
1418552463
1418552611
1418552613
1418552628
1418552649
1418552666
1418552697
1418552755
1418552780
1418552814
1418552910
1418552923
1418552927
1418552962
1418552967
1418552996
1418553001
1418553024
1418553029
1418553030
1418553053
1418553053
1418553058
1418553093
1418553116
1418553133
1418553166
1418553183
1418553228
1418553229
1418553333
1418553333
1418553359
1418553364
1418553385
1418553596
1418553684
1418553751
1418553762
1418553931
1418553933
1418553948
1418553980
1418554120
1418554133
1418554191
1418554202
1418554242
1418554248
1418554309
1418554331
1418554380
1418554384
1418554437
1418554459
1418554506
1418554553
1418554589
1418554633
1418554641
1418554670
1418554676
1418554693
1418554701
1418554760
1418554762
1418554780
1418554806
1418554815
1418554844
1418554853
1418554867
1418554872
1418554940
1418554976
1418555013
1418555114
1418555143
1418555198
1418555239
1418555292
1418555339
1418555377
1418555468
1418555486
1418555490
1418555495
1418555512
1418555540
1418555549
1418555646
1418555676
1418555699
1418555716
1418555725
1418555751
1418555755
1418555757
1418555769
1418555791
1418555792
1418555898
1418555936
1418555956
1418555962
1418555969
1418556026
1418556042
1418556068
1418556082
1418556100
1418556108
1418556144
1418556155
1418556162
1418556166
1418556222
1418556247
1418556254
1418556283
1418556292
1418556359
1418556384
1418556441
1418556473
1418556640
1418556660
1418556706
1418556743
1418556749
1418556785
1418556821
1418556822
1418556840
1418556889
1418556977
1418556981
1418556985
1418557052
1418557108
1418557120
1418557123
1418557130
1418557163
1418557173
1418557186
1418557261
1418557300
1418557374
1418557376
1418557491
1418557542
1418557617
1418557634
1418557635
1418557758
1418557767
1418557787
1418557940
1418557977
1418557993
1418558014
1418558044
1418558065
1418558078
1418558183
1418558279
1418558289
1418558351
1418558391
1418558399
1418558411
1418558465
1418558487
1418558492
1418558573
1418558644
1418558667
1418558676
1418558703
1418558844
1418558846
1418558877
1418558904
1418558905
1418558957
1418558981
1418558999
1418559000
1418559011
1418559028
1418559035
1418559045
1418559097
1418559098
1418559107
1418559159
1418559162
1418559189
1418559212
1418559227
1418559271
1418559276
1418559287
1418559406
1418559439
1418559445
1418559491
1418559518
1418559530
1418559548
1418559592
1418559621
1418559812
1418559853
1418559954
1418560028
1418560086
1418560097
1418560144
1418560182
1418560210
1418560246
1418560274
1418560305
1418560395
1418560415
1418560485
1418560498
1418560632
1418560635
1418560669
1418560699
1418560710
1418560732
1418560796
1418560842
1418560881
1418560922
1418560939
1418560943
1418560956
1418561027
1418561143
1418561185
1418561186
1418561204
1418561221
1418561238
1418561241
1418561253
1418561271
1418561450
1418561469
1418561524
1418561542
1418561583
1418561585
1418561593
1418561607
1418561695
1418561703
1418561894
1418561925
1418561926
1418562025
1418562063
1418562093
1418562125
1418562236
1418562251
1418562305
1418562308
1418562313
1418562485
1418562512
1418562806
1418562931
1418562983
1418563021
1418563081
1418563159
1418563208
1418563210
1418563211
1418563218
1418563224
1418563239
1418563316
1418563326
1418563418
1418563453
1418563494
1418563505
1418563517
1418563523
1418563600
1418563628
1418563717
1418563729
1418563744
1418563748
1418563752
1418563758
1418563794
1418563879
1418563967
1418563991
1418563998
1418564027
1418564136
1418564142
1418564329
1418564350
1418564370
1418564405
1418564537
1418564694
1418564705
1418564775
1418564826
1418564877
1418564938
1418565052
1418565121
1418565167
1418565228
1418565269
1418565289
1418565313
1418565345
1418565359
1418565397
1418565401
1418565440
1418565443
1418565443
1418565451
1418565478
1418565516
1418565550
1418565553
1418565587
1418565655
1418565677
1418565685
1418565705
1418565751
1418565765
1418565779
1418565783
1418565812
1418565816
1418565835
1418565879
1418565881
1418565885
1418565894
1418565981
1418566005
1418566019
1418566043
1418566054
1418566058
1418566102
1418566130
1418566137
1418566240
1418566255
1418566279
1418566289
1418566306
1418566325
1418566367
1418566404
1418566406
1418566419
1418566437
1418566475
1418566486
1418566523
1418566567
1418566570
1418566615
1418566634
1418566741
1418566805
1418566843
1418566877
1418566897
1418566933
1418567003
1418567010
1418567019
1418567032
1418567035
1418567130
1418567138
1418567154
1418567165
1418567185
1418567210
1418567227
1418567265
1418567278
1418567317
1418567318
1418567324
1418567350
1418567387
1418567403
1418567446
1418567449
1418567472
1418567504
1418567536
1418567541
1418567557
1418567585
1418567628
1418567658
1418567684
1418567761
1418567837
1418567927
1418567996
1418568084
1418568129
1418568138
1418568258
1418568270
1418568278
1418568337
1418568349
1418568391
1418568408
1418568449
1418568470
1418568507
1418568509
1418568526
1418568549
1418568581
1418568588
1418568601
1418568604
1418568707
1418568726
1418568791
1418568793
1418568826
1418568846
1418568944
1418568956
1418569125
1418569130
1418569162
1418569334
1418569371
1418569383
1418569434
1418569482
1418569509
1418569564
1418569741
1418569809
1418569839
1418569874
1418569875
1418569878
1418569893
1418569924
1418569930
1418569942
1418570079
1418570116
1418570151
1418570151
1418570233
1418570252
1418570274
1418570285
1418570303
1418570366
1418570388
1418570470
1418570497
1418570515
1418570522
1418570567
1418570652
1418570724
1418570873
1418570881
1418570910
1418571024
1418571031
1418571064
1418571100
1418571148
1418571151
1418571170
1418571172
1418571179
1418571189
1418571233
1418571340
1418571459
1418571469
1418571473
1418571475
1418571564
1418571574
1418571592
1418571631
1418571702
1418571707
1418571710
1418571724
1418571743
1418571752
1418571753
1418571757
1418571762
1418571790
1418571847
1418571864
1418571865
1418571866
1418571868
1418571934
1418571969
1418572017
1418572034
1418572042
1418572049
1418572051
1418572116
1418572118
1418572150
1418572173
1418572179
1418572179
1418572184
1418572194
1418572209
1418572266
1418572269
1418572297
1418572301
1418572342
1418572538
1418572554
1418572577
1418572587
1418572646
1418572658
1418572663
1418572711
1418572733
1418572749
1418572760
1418572824
1418572888
1418572923
1418572947
1418572957
1418573003
1418573069
1418573072
1418573109
1418573171
1418573217
1418573218
1418573259
1418573289
1418573340
1418573395
1418573412
1418573445
1418573534
1418573642
1418573669
1418573714
1418573725
1418573781
1418573799
1418573837
1418573866
1418574002
1418574012
1418574061
1418574090
1418574094
1418574101
1418574132
1418574153
1418574181
1418574220
1418574288
1418574310
1418574314
1418574356
1418574369
1418574397
1418574409
1418574426
1418574430
1418574534
1418574545
1418574553
1418574556
1418574563
1418574605
1418574644
1418574684
1418574714
1418574736
1418574743
1418574752
1418574822
1418574855
1418574894
1418574952
1418575063
1418575096
1418575121
1418575121
1418575126
1418575161
1418575175
1418575196
1418575197
1418575211
1418575229
1418575261
1418575266
1418575281
1418575321
1418575335
1418575367
1418575371
1418575372
1418575383
1418575400
1418575442
1418575491
1418575538
1418575576
1418575577
1418575605
1418575658
1418575668
1418575679
1418575712
1418575736
1418575773
1418575773
1418575913
1418575930
1418575958
1418575975
1418576021
1418576041
1418576069
1418576139
1418576163
1418576196
1418576229
1418576311
1418576349
1418576356
1418576395
1418576458
1418576482
1418576507
1418576515
1418576518
1418576597
1418576623
1418576642
1418576643
1418576743
1418576778
1418576851
1418576855
1418577000
1418577124
1418577142
1418577218
1418577227
1418577234
1418577385
1418577529
1418577543
1418577583
1418577709
1418577721
1418577731
1418577830
1418577836
1418577880
1418577883
1418577900
1418577923
1418577933
1418578046
1418578099
1418578114
1418578255
1418578271
1418578288
1418578393
1418578469
1418578542
1418578545
1418578546
1418578550
1418578658
1418578690
1418578782
1418578790
1418578796
1418578861
1418578883
1418578895
1418578900
1418578904
1418578917
1418579018
1418579036
1418579068
1418579095
1418579107
1418579110
1418579187
1418579246
1418579281
1418579399
1418579422
1418579505
1418579540
1418579589
1418579625
1418579662
1418579694
1418579698
1418579731
1418579798
1418579812
1418579890
1418579959
1418579976
1418579991
1418580006
1418580023
1418580054
1418580080
1418580085
1418580111
1418580139
1418580245
1418580296
1418580334
1418580439
1418580442
1418580493
1418580595
1418580676
1418580726
1418580773
1418580786
1418580896
1418580942
1418580960
1418581076
1418581090
1418581116
1418581126
1418581126
1418581268
1418581334
1418581358
1418581366
1418581369
1418581388
1418581587
1418581605
1418581768
1418581795
1418581909
1418581950
1418581979
1418582055
1418582058
1418582064
1418582068
1418582095
1418582141
1418582164
1418582181
1418582209
1418582230
1418582435
1418582440
1418582511
1418582615
1418582676
1418582865
1418582889
1418582892
1418582899
1418582932
1418582941
1418583022
1418583052
1418583068
1418583345
1418583372
1418583373
1418583399
1418583408
1418583419
1418583450
1418583456
1418583499
1418583553
1418583554
1418583564
1418583605
1418583685
1418583693
1418583700
1418583763
1418583871
1418583936
1418584005
1418584112
1418584146
1418584322
1418584465
1418584571
1418584639
1418584676
1418584691
1418584714
1418584721
1418584786
1418584820
1418584823
1418584887
1418584919
1418584956
1418584988
1418585009
1418585063
1418585099
1418585185
1418585284
1418585313
1418585367
1418585370
1418585402
1418585402
1418585411
1418585618
1418585700